input 8
layer  10
layer  3
output 1

NBR_pat 56  

IN_vect 0.406000 0.406000 0.074000 0.162000 0.110000 0.602000 0.198000 0.098000 
OUT_vect 0.500000 
IN_vect 0.354000 0.354000 0.126000 0.156000 0.190000 0.118000 0.202000 0.166000 
OUT_vect 0.555556 
IN_vect 0.640000 0.640000 0.182000 0.692000 0.238000 0.116000 0.212000 0.208000 
OUT_vect 0.516667 
IN_vect 0.582000 0.582000 0.252000 0.336000 0.250000 0.100000 0.232000 0.274000 
OUT_vect 0.516667 
IN_vect 0.478000 0.478000 0.410000 0.142000 0.280000 0.296000 0.296000 0.164000 
OUT_vect 0.494444 
IN_vect 0.404000 0.404000 0.478000 0.108000 0.316000 0.460000 0.108000 0.206000 
OUT_vect 0.466667 
IN_vect 0.322000 0.322000 0.522000 0.082000 0.362000 0.076000 0.090000 0.348000 
OUT_vect 0.544444 
IN_vect 0.406000 0.406000 0.074000 0.162000 0.110000 0.602000 0.198000 0.098000 
OUT_vect 0.500000 
IN_vect 0.354000 0.354000 0.126000 0.156000 0.190000 0.118000 0.202000 0.166000 
OUT_vect 0.555556 
IN_vect 0.640000 0.640000 0.182000 0.692000 0.238000 0.116000 0.212000 0.208000 
OUT_vect 0.516667 
IN_vect 0.582000 0.582000 0.252000 0.336000 0.250000 0.100000 0.232000 0.274000 
OUT_vect 0.516667 
IN_vect 0.478000 0.478000 0.410000 0.142000 0.280000 0.296000 0.296000 0.164000 
OUT_vect 0.494444 
IN_vect 0.404000 0.404000 0.478000 0.108000 0.316000 0.460000 0.108000 0.206000 
OUT_vect 0.466667 
IN_vect 0.322000 0.322000 0.522000 0.082000 0.362000 0.076000 0.090000 0.348000 
OUT_vect 0.544444 
IN_vect 0.406000 0.406000 0.074000 0.162000 0.110000 0.602000 0.198000 0.098000 
OUT_vect 0.500000 
IN_vect 0.354000 0.354000 0.126000 0.156000 0.190000 0.118000 0.202000 0.166000 
OUT_vect 0.555556 
IN_vect 0.640000 0.640000 0.182000 0.692000 0.238000 0.116000 0.212000 0.208000 
OUT_vect 0.516667 
IN_vect 0.582000 0.582000 0.252000 0.336000 0.250000 0.100000 0.232000 0.274000 
OUT_vect 0.516667 
IN_vect 0.478000 0.478000 0.410000 0.142000 0.280000 0.296000 0.296000 0.164000 
OUT_vect 0.494444 
IN_vect 0.404000 0.404000 0.478000 0.108000 0.316000 0.460000 0.108000 0.206000 
OUT_vect 0.466667 
IN_vect 0.322000 0.322000 0.522000 0.082000 0.362000 0.076000 0.090000 0.348000 
OUT_vect 0.544444 
IN_vect 0.406000 0.406000 0.074000 0.162000 0.110000 0.602000 0.198000 0.098000 
OUT_vect 0.500000 
IN_vect 0.354000 0.354000 0.126000 0.156000 0.190000 0.118000 0.202000 0.166000 
OUT_vect 0.555556 
IN_vect 0.640000 0.640000 0.182000 0.692000 0.238000 0.116000 0.212000 0.208000 
OUT_vect 0.516667 
IN_vect 0.582000 0.582000 0.252000 0.336000 0.250000 0.100000 0.232000 0.274000 
OUT_vect 0.516667 
IN_vect 0.478000 0.478000 0.410000 0.142000 0.280000 0.296000 0.296000 0.164000 
OUT_vect 0.494444 
IN_vect 0.404000 0.404000 0.478000 0.108000 0.316000 0.460000 0.108000 0.206000 
OUT_vect 0.466667 
IN_vect 0.322000 0.322000 0.522000 0.082000 0.362000 0.076000 0.090000 0.348000 
OUT_vect 0.544444 
IN_vect 0.406000 0.406000 0.074000 0.162000 0.110000 0.602000 0.198000 0.098000 
OUT_vect 0.500000 
IN_vect 0.354000 0.354000 0.126000 0.156000 0.190000 0.118000 0.202000 0.166000 
OUT_vect 0.555556 
IN_vect 0.640000 0.640000 0.182000 0.692000 0.238000 0.116000 0.212000 0.208000 
OUT_vect 0.516667 
IN_vect 0.582000 0.582000 0.252000 0.336000 0.250000 0.100000 0.232000 0.274000 
OUT_vect 0.516667 
IN_vect 0.478000 0.478000 0.410000 0.142000 0.280000 0.296000 0.296000 0.164000 
OUT_vect 0.494444 
IN_vect 0.404000 0.404000 0.478000 0.108000 0.316000 0.460000 0.108000 0.206000 
OUT_vect 0.466667 
IN_vect 0.322000 0.322000 0.522000 0.082000 0.362000 0.076000 0.090000 0.348000 
OUT_vect 0.544444 
IN_vect 0.406000 0.406000 0.074000 0.162000 0.110000 0.602000 0.198000 0.098000 
OUT_vect 0.500000 
IN_vect 0.354000 0.354000 0.126000 0.156000 0.190000 0.118000 0.202000 0.166000 
OUT_vect 0.555556 
IN_vect 0.640000 0.640000 0.182000 0.692000 0.238000 0.116000 0.212000 0.208000 
OUT_vect 0.516667 
IN_vect 0.582000 0.582000 0.252000 0.336000 0.250000 0.100000 0.232000 0.274000 
OUT_vect 0.516667 
IN_vect 0.478000 0.478000 0.410000 0.142000 0.280000 0.296000 0.296000 0.164000 
OUT_vect 0.494444 
IN_vect 0.404000 0.404000 0.478000 0.108000 0.316000 0.460000 0.108000 0.206000 
OUT_vect 0.466667 
IN_vect 0.322000 0.322000 0.522000 0.082000 0.362000 0.076000 0.090000 0.348000 
OUT_vect 0.544444 
IN_vect 0.406000 0.406000 0.074000 0.162000 0.110000 0.602000 0.198000 0.098000 
OUT_vect 0.500000 
IN_vect 0.354000 0.354000 0.126000 0.156000 0.190000 0.118000 0.202000 0.166000 
OUT_vect 0.555556 
IN_vect 0.640000 0.640000 0.182000 0.692000 0.238000 0.116000 0.212000 0.208000 
OUT_vect 0.516667 
IN_vect 0.582000 0.582000 0.252000 0.336000 0.250000 0.100000 0.232000 0.274000 
OUT_vect 0.516667 
IN_vect 0.478000 0.478000 0.410000 0.142000 0.280000 0.296000 0.296000 0.164000 
OUT_vect 0.494444 
IN_vect 0.404000 0.404000 0.478000 0.108000 0.316000 0.460000 0.108000 0.206000 
OUT_vect 0.466667 
IN_vect 0.322000 0.322000 0.522000 0.082000 0.362000 0.076000 0.090000 0.348000 
OUT_vect 0.544444 
IN_vect 0.406000 0.406000 0.074000 0.162000 0.110000 0.602000 0.198000 0.098000 
OUT_vect 0.500000 
IN_vect 0.354000 0.354000 0.126000 0.156000 0.190000 0.118000 0.202000 0.166000 
OUT_vect 0.555556 
IN_vect 0.640000 0.640000 0.182000 0.692000 0.238000 0.116000 0.212000 0.208000 
OUT_vect 0.516667 
IN_vect 0.582000 0.582000 0.252000 0.336000 0.250000 0.100000 0.232000 0.274000 
OUT_vect 0.516667 
IN_vect 0.478000 0.478000 0.410000 0.142000 0.280000 0.296000 0.296000 0.164000 
OUT_vect 0.494444 
IN_vect 0.404000 0.404000 0.478000 0.108000 0.316000 0.460000 0.108000 0.206000 
OUT_vect 0.466667 
IN_vect 0.322000 0.322000 0.522000 0.082000 0.362000 0.076000 0.090000 0.348000 
OUT_vect 0.544444 