4.047483
-1.482794
4.415245
-11.147184
-4.654233
0.393556
1.712445
-2.529834
-2.779197
-3.035054
4.070154
-1.488157
4.410340
-11.188934
-4.672455
0.355503
1.732049
-2.577907
-2.770996
-3.058411
12.369805
-1.503232
2.175715
0.039604
-0.754706
-5.196808
-6.503624
4.469276
-4.985981
-9.816573
12.341033
-1.512080
2.201611
0.049915
-0.794989
-5.213865
-6.483092
4.473492
-4.989788
-9.753236
-5.214376
7.395974
0.292294
-2.551708
1.262022
5.018624
-6.705900
-2.623357
-2.877231
-3.205235
-5.195694
7.406506
0.338593
-2.618779
1.202877
5.043726
-6.644761
-2.585521
-2.830275
-3.233805
-0.385139
-0.163576
-2.487094
3.672748
5.656965
8.586212
8.425664
-2.246413
3.211401
-7.490095
-0.380713
-0.145707
-2.531310
3.606936
5.661469
8.607501
8.472906
-2.227361
3.273854
-7.563251
-3.481415-5.160481-6.8771204.787517-7.778312-2.560051-0.6314510.1574759.92069011.505324-11.503712
4.903072
13.955984
-5.529457
4.502688
-2.743407
-0.080272
-3.681681
-2.502443
7.671472
-10.743137
4.216438
-1.248094
-2.988477
-4.918363
-4.089578
-0.657343
5.261152
-7.986594
4.906968
-1.343181
-3.106994
-1.540050
-4.004492
-2.040935
-0.412343
-4.235168
-10.485942
10.624068
6.039083
16.190815-3.560143-15.199912-5.414479
-3.692601
-5.535254
4.410656