0.688773
0.873009
0.608812
0.858635
0.128579
0.641172
0.121667
0.644992
0.347187
0.685179
0.856595
0.636823
0.912810
0.634638
0.255927
0.879434
0.483855
0.322877
0.253256
0.134304
0.135183
0.784646
0.784268
0.613914
0.856646
0.856436
0.253473
0.982756
0.083550
0.425267
0.256594
0.227055
0.118887
0.078717
0.058271
0.909103
0.432998
0.834833
0.843111
0.395869
-0.085033
0.885974
0.187349
0.239597
0.940348
0.813465
0.863006
0.738362
0.103257
0.334550
0.417727
0.656845
0.060204
0.661668
0.803245
0.682287
0.692322
0.777211
0.870856
0.706623
0.581728
0.075714
0.150342
0.622272
0.924463
0.707454
0.194936
0.534028
0.125540
0.456796
0.817204
0.995233
0.881589
0.460586
0.752993
0.425368
1.030568
0.267679
0.265986
0.637865
-0.740344-0.5726080.1484730.031198-0.063533-0.751037-0.342123-0.464546-0.123035-0.3242280.941086
0.756018
0.760554
0.457973
0.622463
0.584852
0.424790
0.494624
0.465342
0.399299
-0.003176
0.169046
0.392091
0.025633
0.042482
0.456856
0.656102
0.648602
0.838797
0.154877
0.755993
0.990503
0.854077
0.367269
0.711112
0.247863
0.326631
0.712713
0.859701
0.357299
0.935471-0.003133-2.742883-0.089930
0.358967
1.228284
-1.061383