1.514376
1.306372
0.863400
0.922419
0.143397
1.010884
0.287054
0.628375
0.453556
0.741966
1.682201
1.070183
1.167394
0.698422
0.270745
1.249167
0.649248
0.306258
0.359625
0.191092
0.854806
1.576158
1.270095
0.743676
0.753908
1.376868
0.480823
1.564074
0.271445
0.857926
0.175636
0.324480
0.063227
0.038794
0.070064
0.851308
0.439575
0.867984
0.852752
0.410386
-0.759664
1.234390
-0.362688
-0.112281
1.033839
0.165770
0.551215
0.823792
-0.101375
0.256594
-1.355793
0.166793
-1.180729
0.140657
1.039338
-0.606482
0.390551
0.134906
0.644627
0.152355
2.409429
-0.929834
1.361681
1.223876
0.782083
1.956575
0.378346
0.185362
0.254156
0.463592
0.035316
0.866255
0.348990
0.221565
0.842598
-0.146882
0.851116
0.053991
0.149581
0.428099
-0.561465-2.764987-0.009162-0.821586-0.244852-0.439549-0.397548-2.342890-0.380616-0.6330980.921177
0.623567
3.005610
0.457616
1.714371
1.201183
0.417838
0.259996
2.016990
0.405260
-0.540124
0.854087
0.412417
-0.246829
-0.573471
0.450937
0.396138
2.042439
0.860189
-0.088347
0.076738
0.997473
1.027704
0.891541
0.726941
-0.123575
-0.026566
0.722906
0.525807
0.519140
1.080092-2.515000-3.727504-0.777897
1.489981
3.406369
-3.258507