0.451455
-1.009081
0.071915
1.163395
0.201591
0.875452
0.434335
0.055685
-0.294916
-0.401090
-0.664657
0.807444
0.475072
0.665882
-1.962778
-0.558232
0.089581
1.625387
2.306371
0.770336
1.047815
5.478447
0.865005
3.719685
1.271799
1.159892
0.868673
-0.167328
0.916176
4.236467
0.030199
2.077413
0.615614
-0.707706
-0.828208
-0.331710
0.110755
-0.493619
-0.414227
1.301827
0.736716
4.795297
1.191184
4.004022
0.741323
0.299981
1.315291
1.202115
1.831299
3.379866
0.262135
-0.294411
0.372452
-0.391876
0.301606
0.828603
0.669830
0.597728
0.334875
-0.195878
-0.386589
2.954238
0.383618
1.318033
-0.388974
-0.844904
0.426319
1.347745
1.643418
1.402177
0.837213
-0.141270
0.356900
-0.691144
1.675849
0.915583
0.139890
-0.201965
0.416579
-0.428578
-2.301634-3.673497-1.915719-2.358913-2.740245-2.479370-0.714211-1.353033-3.506623-1.6874810.367677
0.660954
0.962134
0.037215
2.812969
8.498727
0.403098
-0.714547
1.054939
1.353396
3.303178
3.495535
0.944783
2.126621
1.094965
0.983681
1.084599
0.454608
0.232204
-0.005352
0.743534
1.099566
-2.341018
-0.034820
0.941111
-3.278440
0.926473
0.680786
1.534594
5.297272
-1.061487-6.230526-5.938825-2.445933
-6.667511
9.738105
-7.106235